
0.500004872070313, 1024000000, 512004989, 4000000, 424725960844.992658
0.500001427734375, 2048000000, 1024002924, 4000000, 849446071499.391908
0.499996478190104, 3072000000, 1535989181, 4005215, 1274156493814.964715
0.499995723144531, 4096000000, 2047982482, 4003910, 1698872757073.804024
0.499994080859375, 5120000000, 2559969694, 4003127, 2123583969295.213875
0.499997825683594, 6144000000, 3071986641, 4002605, 2548319854159.157984
0.499995715680804, 7168000000, 3583969290, 4004469, 2973027289025.486506
0.499994054931641, 8192000000, 4095951298, 4003910, 3397734192159.995050
0.499997283528646, 9216000000, 4607974965, 4003475, 3822475652885.593164
0.499997229589844, 10240000000, 5119971631, 4003127, 4247194715341.501429
0.499998252840909, 11264000000, 5631980320, 4004265, 4671923741218.946352
0.499998060384115, 12288000000, 6143976166, 4003910, 5096642107831.428530
0.499997499248798, 13312000000, 6655966710, 4003609, 5521356076250.453920
0.499998665178571, 14336000000, 7167980864, 4003351, 5946089629985.872133
0.499995419010417, 15360000000, 7679929636, 4003127, 6370768947077.648012
0.499997199157715, 16384000000, 8191954111, 4003910, 6795511062441.634218
0.499998672564338, 17408000000, 8703976892, 4003679, 7220251772573.686098
0.500000027452257, 18432000000, 9216000506, 4003475, 7644993173708.218081
0.500000251387747, 19456000000, 9728004891, 4004116, 8069718623718.272402
0.500000320605469, 20480000000, 10240006566, 4003910, 8494441825689.045717
0.500002406994048, 21504000000, 10752051760, 4003723, 8919201128184.346743
0.500002500843395, 22528000000, 11264056339, 4003554, 9343926739124.150331
0.500002446161685, 23552000000, 11776057612, 4003399, 9768649607621.938051
0.500002530110677, 24576000000, 12288062180, 4003910, 10193375209436.858950
0.500002580234375, 25600000000, 12800066054, 4003753, 10618100235554.635561
0.500002799729567, 26624000000, 13312074540, 4003609, 11042829087486.863832
0.500002889612269, 27648000000, 13824079892, 4004055, 11467555339657.060122
0.500003654157366, 28672000000, 14336104772, 4003910, 11892297790982.636293
0.500003612439386, 29696000000, 14848107275, 4003775, 12317021679808.215761
0.500003410058594, 30720000000, 15360104757, 4003649, 12741741403539.614443
0.500002920331401, 31744000000, 15872092703, 4004036, 13166453216827.255312
0.500003108520508, 32768000000, 16384101860, 4003910, 13591182625377.327700
0.500002774325284, 33792000000, 16896093750, 4003791, 14015897710350.180483
0.500002343146829, 34816000000, 17408081579, 4003679, 14440609426582.250917
0.500001985965402, 35840000000, 17920071177, 4004021, 14865322610261.364931
0.500002183485243, 36864000000, 18432080492, 4003910, 15290052149877.934145
0.500002019610431, 37888000000, 18944076519, 4003804, 15714770666636.213320
0.500002502852590, 38912000000, 19456097391, 4003704, 16139509793186.351015
0.500002323267228, 39936000000, 19968092782, 4004010, 16564227782360.503725
0.500002477294922, 40960000000, 20480101470, 4003910, 16988956801858.759584
0.500001676733994, 41984000000, 20992070396, 4003814, 17413652837394.693911
0.500002511369978, 43008000000, 21504108009, 4003723, 17838405887419.263073
0.500001978629179, 44032000000, 22016087123, 4003637, 18263110436753.088757
0.500001926535866, 45056000000, 22528086802, 4003910, 18687832045472.381969
0.500001663194444, 46080000000, 23040076640, 4003823, 19112545490738.605114
0.500001708262568, 47104000000, 23552080466, 4003739, 19537270539539.178844
0.500001449343418, 48128000000, 24064069754, 4003660, 19961983528561.200329
0.500001642395020, 49152000000, 24576080727, 4003910, 20386714506047.790905
0.500001327148437, 50176000000, 25088066591, 4003830, 20811424654742.273327
0.500001160000000, 51200000000, 25600059392, 4003753, 21236140557920.441051
0.500001053902420, 52224000000, 26112055039, 4003679, 21660858821954.968639
0.500001576134315, 53248000000, 26624083926, 4003910, 22085604659729.974743
0.500001337208874, 54272000000, 27136072573, 4003836, 22510317117020.117565
0.500001433539497, 55296000000, 27648079269, 4003765, 22935044546585.889050
0.500001156125710, 56320000000, 28160065113, 4003696, 23359754678689.673229
0.500000992187500, 57344000000, 28672056896, 4003910, 23784469737401.300426
0.500000772375274, 58368000000, 29184045082, 4003841, 24209181812275.848766
0.500000500437769, 59392000000, 29696029722, 4003775, 24633890945619.598766
0.500000295418432, 60416000000, 30208017848, 4003711, 25058602970722.052380
0.500000251529948, 61440000000, 30720015454, 4003910, 25483322859815.472790
0.500000179031122, 62464000000, 31232011183, 4003845, 25908041191871.863171
0.500000210858745, 63488000000, 31744013387, 4003783, 26332764895166.809460
0.500000267392113, 64512000000, 32256017250, 4003723, 26757489974660.174938
0.500000537612915, 65536000000, 32768035233, 4003910, 27182226767186.499401
0.500000252584135, 66560000000, 33280016812, 4003849, 27606933361323.883434
0.500000586070668, 67584000000, 33792039609, 4003791, 28031674147231.274792
0.500000433477146, 68608000000, 34304029740, 4003734, 28456387835551.227184
0.500000559900620, 69632000000, 34816038987, 4003910, 28881117381260.559460
0.500000595972034, 70656000000, 35328042109, 4003853, 29305841846068.555065
0.500000680412946, 71680000000, 35840048772, 4003798, 29730569248259.674450
0.500000398286202, 72704000000, 36352028957, 4003744, 30155274686025.391003
0.500000489000109, 73728000000, 36864036053, 4003910, 30580002447405.127331
0.500000508936216, 74752000000, 37376038044, 4003856, 31004725974009.137341
0.500000390242293, 75776000000, 37888029571, 4003804, 31429440820359.827038
0.500000402148438, 76800000000, 38400030885, 4003753, 31854163785368.701550
0.500000639571340, 77824000000, 38912049774, 4003910, 32278901329453.656384
0.500000151278409, 78848000000, 39424011928, 4003859, 32703591809875.372692
0.500000349146134, 79872000000, 39936027887, 4003809, 33128326923423.035046
0.500000678228837, 80896000000, 40448054866, 4003761, 33553071178445.428844
0.500000829846191, 81920000000, 40960067981, 4003910, 33977803932795.801159
0.500000985845872, 82944000000, 41472081770, 4003861, 34402537246252.704235
0.500001087819169, 83968000000, 41984091342, 4003814, 34827267061560.882946
0.500001003670934, 84992000000, 42496085304, 4003768, 35251983907930.226585
0.500000916236514, 86016000000, 43008078811, 4003910, 35676700271761.627464
0.500001018485754, 87040000000, 43520088649, 4003864, 36101430182723.690941
0.500001023641897, 88064000000, 44032090146, 4003819, 36526153174537.088890
0.500001175175108, 89088000000, 44544104694, 4003775, 36950886992607.438499
0.500000972445401, 90112000000, 45056087629, 4003910, 37375594586598.329613
0.500000763057409, 91136000000, 45568069542, 4003866, 37800301332804.790062
0.500000716796875, 92160000000, 46080066060, 4003823, 38225020194365.076195
0.500000578833276, 93184000000, 46592053938, 4003781, 38649731888745.831078
0.500000786238961, 94208000000, 47104074070, 4003910, 39074470338937.766624
0.500000657520581, 95232000000, 47616062617, 4003867, 39499182588277.214378
0.500000649746509, 96256000000, 48128062542, 4003826, 39923904276062.114281
0.500000776048520, 97280000000, 48640075494, 4003786, 40348636770195.133812
0.500000811014811, 98304000000, 49152079726, 4003910, 40773362030785.848656
0.500000560194507, 99328000000, 49664055643, 4003869, 41198063803102.439964
0.500000601084184, 100352000000, 50176060320, 4003830, 41622789432836.082054
0.500000673068576, 101376000000, 50688068233, 4003791, 42047517746943.909691
0.500000676787109, 102400000000, 51200069303, 4003910, 42472240384546.004417
0.500000667620668, 103424000000, 51712069048, 4003871, 42896961923014.664085
0.500000457998238, 104448000000, 52224047837, 4003833, 43321666077754.821800
0.500000439680674, 105472000000, 52736046374, 4003796, 43746386614145.602562
0.500000582322341, 106496000000, 53248062015, 4003910, 44171121338897.344261
0.500000436839658, 107520000000, 53760046969, 4003872, 44595830607718.730003
0.500000639233859, 108544000000, 54272069385, 4003836, 45020570952567.847191
0.500000902425891, 109568000000, 54784098877, 4003800, 45445317167204.274925
0.500001054985894, 110592000000, 55296116673, 4003910, 45870053679603.226097
0.500001175619983, 111616000000, 55808131218, 4003874, 46294787495184.971703
0.500001352787642, 112640000000, 56320152378, 4003838, 46719526798138.545921
0.500001324201154, 113664000000, 56832150514, 4003804, 47144247001885.924828
0.500001469438825, 114688000000, 57344168527, 4003910, 47568983694293.898949
0.500001310149336, 115712000000, 57856151600, 4003875, 47993691402760.574242
0.500001155556127, 116736000000, 58368134895, 4003841, 48418399295383.945824
0.500001118223505, 117760000000, 58880131682, 4003807, 48843118380089.057640
0.500001330221242, 118784000000, 59392158009, 4003910, 49267861969248.261253
0.500001207381811, 119808000000, 59904144654, 4003876, 49692572640812.770531
0.500001330243644, 120832000000, 60416160736, 4003843, 50117307731389.300804
0.500001531496192, 121856000000, 60928186622, 4003811, 50542050954723.715843
0.500001165079753, 122880000000, 61440143165, 4003910, 50966736655635.649925
0.500001509031185, 123904000000, 61952186975, 4003877, 51391494747549.453636
0.500001328941470, 124928000000, 62464166022, 4003845, 51816199116309.555687
0.500001123817010, 125952000000, 62976141547, 4003814, 52240900563448.557152
0.500001123511530, 126976000000, 63488142659, 4003910, 52665623235891.107933
0.500001085351562, 128000000000, 64000138925, 4003878, 53090341888408.657738
0.500001085642981, 129024000000, 64512140074, 4003847, 53515064591543.991234
0.500000930333415, 130048000000, 65024120988, 4003817, 53939770509045.318382
0.500000816467285, 131072000000, 65536107016, 4003910, 54364480668786.937523
0.500000701043181, 132096000000, 66048092605, 4003879, 54789190464362.837425
0.500000831670673, 133120000000, 66560110712, 4003849, 55213927234747.070335
0.500000707254890, 134144000000, 67072094874, 4003820, 55638635846576.999046
0.500000602080374, 135168000000, 67584081382, 4003910, 56063346404495.258812
0.500000618898320, 136192000000, 68096084289, 4003880, 56488070565952.538597
0.500000686508862, 137216000000, 68608094200, 4003851, 56912800537470.632835
0.500000682291667, 138240000000, 69120094320, 4003823, 57337522387014.792992
0.500000660888672, 139264000000, 69632092038, 4003910, 57762242244016.680687
0.500000636276802, 140288000000, 70144089262, 4003881, 58186961691228.442406
0.500000835173234, 141312000000, 70656118020, 4003853, 58611707296986.423851
0.500000957881351, 142336000000, 71168136341, 4003825, 59036444244891.075706
0.500000914334542, 143360000000, 71680131079, 4003910, 59461161629879.652855
0.500001030626662, 144384000000, 72192148806, 4003882, 59885898085040.711937
0.500000963385783, 145408000000, 72704140084, 4003854, 60310612599839.337914
0.500001018937118, 146432000000, 73216149205, 4003827, 60735341916025.044456
0.500001022094727, 147456000000, 73728150714, 4003910, 61160064917792.858421
0.500000998592403, 148480000000, 74240148271, 4003883, 61584784641239.664574
0.500000936349529, 149504000000, 74752139988, 4003856, 62009499520204.009789
0.500000937759088, 150528000000, 75264141159, 4003830, 62434222241589.105980
0.500000888223184, 151552000000, 75776134612, 4003910, 62858938560625.634789
0.500000770009700, 152576000000, 76288117485, 4003883, 63283646103185.376488
0.500000692695313, 153600000000, 76800106398, 4003857, 63708358656134.512718
0.500000838408009, 154624000000, 77312129638, 4003832, 64133099684520.196312
0.500000690352590, 155648000000, 77824107452, 4003910, 64557803030464.052757
0.500000676157833, 156672000000, 78336105935, 4003884, 64982523522059.961449
0.500000840033989, 157696000000, 78848132470, 4003859, 65407267283762.375999
0.500000571616683, 158720000000, 79360090727, 4003834, 65831954406496.730980
0.500000715726412, 159744000000, 79872114333, 4003910, 66256695738492.103050
0.500000662973975, 160768000000, 80384106585, 4003885, 66681411061257.495628
0.500000638560621, 161792000000, 80896103314, 4003860, 67106130097849.596703
0.500000746314858, 162816000000, 81408121512, 4003836, 67530866943721.484398
0.500000787017822, 163840000000, 81920128945, 4003910, 67955594859652.671410
0.500000952694342, 164864000000, 82432157065, 4003885, 68380339936167.534691
0.500000908914448, 165888000000, 82944150778, 4003861, 68805056470883.077171
0.500000973465059, 166912000000, 83456162483, 4003838, 69229787930586.365746
0.500000894441930, 167936000000, 83968150209, 4003910, 69654499498877.851097
0.500000875325521, 168960000000, 84480147895, 4003886, 70079219329334.629417
0.500000910921028, 169984000000, 84992154842, 4003862, 70503946921695.050392
0.500000904507391, 171008000000, 85504154678, 4003839, 70928668785651.284767
0.500001110374814, 172032000000, 86016191020, 4003910, 71353420932617.933205
0.500001154811159, 173056000000, 86528199847, 4003886, 71778150254924.757423
0.500001095398667, 174080000000, 87040190687, 4003864, 72202864656382.726173
0.500001353949653, 175104000000, 87552237082, 4003841, 72627625142666.300392
0.500001213946675, 176128000000, 88064213810, 4003910, 73052327837724.144142
0.500001363072390, 177152000000, 88576241471, 4003887, 73477072783496.101173
0.500001308419765, 178176000000, 89088233129, 4003865, 73901787863513.827736
0.500001156277902, 179200000000, 89600207205, 4003842, 74326488358644.437111
0.500001292491566, 180224000000, 90112232938, 4003910, 74751231705072.612892
0.500001255180747, 181248000000, 90624227499, 4003887, 75175949193230.898048
0.500001225130574, 182272000000, 91136223307, 4003866, 75600667715819.523048
0.500001256524965, 183296000000, 91648230316, 4003844, 76025395530031.433205
0.500001174701606, 184320000000, 92160216521, 4003910, 76450106086593.952736
0.500001146835074, 185344000000, 92672212559, 4003888, 76874824799975.663673
0.500001144413204, 186368000000, 93184213282, 4003867, 77299547399729.581642
0.500001245517418, 187392000000, 93696233400, 4003845, 77724286088317.855080
0.500001325280231, 188416000000, 94208249704, 4003910, 78149021613059.042580
0.500001288999155, 189440000000, 94720244188, 4003888, 78573739037343.120705
0.500001264228411, 190464000000, 95232240790, 4003867, 78998458218582.659767
0.500001356810871, 191488000000, 95744259813, 4003847, 79423195998829.937111
0.500001383638423, 192512000000, 96256266367, 4003910, 79847923435603.351173
0.500001464053199, 193536000000, 96768283347, 4003889, 80272659521110.304298
0.500001142516447, 194560000000, 97280222288, 4003868, 80697330870523.198830
0.500001107974067, 195584000000, 97792216702, 4003848, 81122048236739.816017
0.500001038263957, 196608000000, 98304204131, 4003910, 81546759808653.366798
0.500001096568369, 197632000000, 98816216717, 4003889, 81971492249182.843361
0.500001199898317, 198656000000, 99328238367, 4003869, 82396232208618.976173
0.500001288095954, 199680000000, 99840257207, 4003849, 82820969837061.319923
0.500001355234574, 200704000000, 100352272001, 4003910, 83245704109204.421486
0.500001238023477, 201728000000, 100864249744, 4003890, 83670407646240.448830
0.500001208259351, 202752000000, 101376244977, 4003870, 84095125691846.358986
0.500001198222558, 203776000000, 101888244169, 4003851, 84519847021581.952736
0.500001089316406, 204800000000, 102400223092, 4003910, 84944551537469.464455
0.500001004430970, 205824000000, 102912206736, 4003890, 85369259969592.448830
0.500001053285504, 206848000000, 103424217870, 4003871, 85793991205636.878517
0.500001178754233, 207872000000, 103936245030, 4003852, 86218735735811.722267
0.500001075157016, 208896000000, 104448224596, 4003910, 86643440785090.339455
0.500001065058117, 209920000000, 104960223577, 4003890, 87068161939794.015236
0.500000982924378, 210944000000, 105472207342, 4003872, 87492870472290.753517
0.500000918374472, 211968000000, 105984194666, 4003853, 87917581957103.112892
0.500000975933368, 212992000000, 106496207866, 4003910, 88342314906967.175392
0.500000916520260, 214016000000, 107008196150, 4003891, 88767027188133.284767
0.500000834263393, 215040000000, 107520179400, 4003872, 89191735293419.417580
0.500000857954125, 216064000000, 108032185373, 4003854, 89616462248232.905861
0.500000688716097, 217088000000, 108544149512, 4003910, 90041154500272.667580
0.500000663163879, 218112000000, 109056144644, 4003891, 90465872462095.526955
0.500000735844407, 219136000000, 109568161250, 4003873, 90890608237356.331642
0.500000654732922, 220160000000, 110080144146, 4003855, 91315316048987.019142
0.500000721304434, 221184000000, 110592159541, 4003910, 91740050819680.749611
0.500000763851887, 222208000000, 111104169734, 4003892, 92164781275132.597267
0.500000632265983, 223232000000, 111616141142, 4003874, 92589479557063.409767
0.500000604630422, 224256000000, 112128135592, 4003856, 93014196953143.292580
0.500000549152166, 225280000000, 112640123713, 4003910, 93438909099095.171486
0.500000605915052, 226304000000, 113152137121, 4003892, 93863642221502.546486
0.500000630019179, 227328000000, 113664143221, 4003874, 94288369281666.999611
0.500000576325147, 228352000000, 114176131605, 4003857, 94713081645786.624611
0.500000628884452, 229376000000, 114688144251, 4003910, 95137814136088.210548
0.500000652061632, 230400000000, 115200150235, 4003892, 95562541100026.585548
0.500000565554999, 231424000000, 115712130883, 4003875, 95987247046862.241798
0.500000735570966, 232448000000, 116224170982, 4003858, 96412002310392.472267
0.500000609820450, 233472000000, 116736142376, 4003910, 96836700580709.792580
0.500000563549058, 234496000000, 117248132150, 4003892, 97261414097883.284767
0.500000510771909, 235520000000, 117760120297, 4003876, 97686126265403.077736
0.500000355506798, 236544000000, 118272084093, 4003859, 98110818232912.280861
0.500000286570582, 237568000000, 118784068080, 4003910, 98535526949565.823830
0.500000177273337, 238592000000, 119296042296, 4003893, 98960227560831.355080
0.500000170577090, 239616000000, 119808040873, 4003876, 99384948380402.827736
0.500000302846576, 240640000000, 120320072877, 4003860, 99809696928845.968361
0.500000344676907, 241664000000, 120832083296, 4003910, 100234427571772.761330
0.500000332575158, 242688000000, 121344080712, 4003893, 100659147428253.917580
0.500000303994059, 243712000000, 121856074087, 4003877, 101083863932583.507423
0.500000280837310, 244736000000, 122368068731, 4003860, 101508581489593.210548
0.500000195707194, 245760000000, 122880048097, 4003910, 101933286372964.796486
0.500000336464276, 246784000000, 123392083034, 4003893, 102358037354434.550392
0.500000263373257, 247808000000, 123904065266, 4003877, 102782744615253.894142
0.500000289894387, 248832000000, 124416072135, 4003861, 103207472313330.882423
0.500000281906378, 249856000000, 124928070436, 4003910, 103632192903950.651955
0.500000255189732, 250880000000, 125440064022, 4003894, 104056909583312.159767
0.500000273370014, 251904000000, 125952068863, 4003878, 104481635599091.851173
0.500000278719636, 252928000000, 126464070496, 4003862, 104906358953722.761330
0.500000342718309, 253952000000, 126976087034, 4003846, 105331094672575.175392
0.500000311990148, 254976000000, 127488079550, 4003894, 105755810464334.066017
0.500000302542969, 256000000000, 128000077451, 4003878, 106180530723139.773048
0.500000175905752, 257024000000, 128512045212, 4003863, 106605225979755.870705
0.500000131549169, 258048000000, 129024033946, 4003847, 107029938634212.800392
0.500000151614223, 259072000000, 129536039279, 4003894, 107454665058123.788673
0.500000128840890, 260096000000, 130048033511, 4003879, 107879382273365.007423
0.500000169596354, 261120000000, 130560044285, 4003864, 108304113210776.780861
0.500000234775543, 262144000000, 131072061545, 4003848, 108728849528553.577736
0.500000224681572, 263168000000, 131584059129, 4003894, 109153569524396.640236
0.500000337932261, 264192000000, 132096089279, 4003879, 109578316534881.601173
0.500000336789636, 265216000000, 132608089322, 4003864, 110003038570551.612892
0.500000275473257, 266240000000, 133120073342, 4003849, 110427747314579.816017
0.500000248076808, 267264000000, 133632066302, 4003895, 110852463474652.316017
0.500000266609017, 268288000000, 134144071528, 4003880, 111277189809803.042580
0.500000268747772, 269312000000, 134656072377, 4003865, 111701912514078.390236
0.500000347656250, 270336000000, 135168093984, 4003850, 112126652437844.511330
0.500000395754717, 271360000000, 135680107392, 4003895, 112551385560251.886330
0.500000422855234, 272384000000, 136192115179, 4003880, 112976114019842.148048
0.500000531981507, 273408000000, 136704145448, 4003866, 113400861129041.792580
0.500000554596403, 274432000000, 137216152199, 4003851, 113825588729233.632423
0.500000515501568, 275456000000, 137728141998, 4003895, 114250302267145.503517
0.500000433210359, 276480000000, 138240119774, 4003881, 114675005831556.191017
0.500000430602802, 277504000000, 138752119494, 4003866, 115099727599286.347267
0.500000451915068, 278528000000, 139264125871, 4003852, 115524454889232.038673
0.500000409558866, 279552000000, 139776114493, 4003895, 115949167450781.030861
0.500000454589844, 280576000000, 140288127547, 4003881, 116373900279532.960548
0.500000471455966, 281600000000, 140800132762, 4003867, 116798626605558.800392
0.500000431746773, 282624000000, 141312122022, 4003853, 117223339696351.222267
0.500000451524425, 283648000000, 141824128074, 4003895, 117648066716697.987892
0.500000421843385, 284672000000, 142336120087, 4003881, 118072782091200.694923
0.500000462866123, 285696000000, 142848132239, 4003867, 118497514171711.913673
0.500000372157506, 286720000000, 143360106705, 4003854, 118922214990361.233986
0.500000376925323, 287744000000, 143872108458, 4003896, 119346938444536.362892
0.500000381105247, 288768000000, 144384110051, 4003882, 119771661765985.866798
0.500000335302562, 289792000000, 144896097168, 4003868, 120196373079084.448830
0.500000318534744, 290816000000, 145408092635, 4003854, 120621091318801.585548
0.500000280530428, 291840000000, 145920081870, 4003896, 121045804388855.628517
0.500000305063101, 292864000000, 146432089342, 4003882, 121470532587142.316017
0.500000297987669, 293888000000, 146944087575, 4003869, 121895253121353.694923
0.500000212046305, 294912000000, 147456062535, 4003855, 122319954349793.382423
0.500000128774465, 295936000000, 147968038109, 4003896, 122744656087567.655861
0.500000069413389, 296960000000, 148480020613, 4003883, 123169363574020.562111
0.500000151954467, 297984000000, 148992045280, 4003869, 123594106036164.261330
0.500000104398545, 299008000000, 149504031216, 4003856, 124018816369581.823830
0.500000082141238, 300032000000, 150016024645, 4003896, 124443532918706.312111
0.500000110125691, 301056000000, 150528033154, 4003883, 124868261977220.956642
0.500000130607786, 302080000000, 151040039454, 4003870, 125292989203292.441017
0.500000136088603, 303104000000, 151552041249, 4003857, 125717712692308.046486
0.500000228213121, 304128000000, 152064069406, 4003896, 126142458049529.441017
0.500000150918231, 305152000000, 152576046053, 4003883, 126567160677394.937111
0.500000147673234, 306176000000, 153088045214, 4003870, 126991881981414.941017
0.500000097223307, 307200000000, 153600029867, 4003857, 127416591250538.898048
0.500000120694690, 308224000000, 154112037201, 4003897, 127841319334349.733986
0.500000151726123, 309248000000, 154624046921, 4003884, 128266049397431.452736
0.500000100141166, 310272000000, 155136031071, 4003871, 128690758249299.226173
0.500000087476228, 311296000000, 155648027231, 4003858, 129115477063884.226173
0.500000083414447, 312320000000, 156160026052, 4003897, 129540198085862.276955
0.500000121882021, 313344000000, 156672038191, 4003884, 129964930155589.538673
0.500000173879021, 314368000000, 157184054662, 4003871, 130389665818863.097267
0.500000177185851, 315392000000, 157696055883, 4003859, 130814388831725.523048
0.500000158674024, 316416000000, 158208050207, 4003897, 131239106123283.976173
0.500000158335433, 317440000000, 158720050262, 4003884, 131663828168908.409767
0.500000189117137, 318464000000, 159232060227, 4003872, 132088558435226.241798
0.500000294092423, 319488000000, 159744093959, 4003859, 132513308417106.132423
0.500000245232628, 320512000000, 160256078600, 4003847, 132938017676275.667580
0.500000231196507, 321536000000, 160768074338, 4003885, 133362736140796.831642
0.500000280112227, 322560000000, 161280090353, 4003872, 133787471425802.358986
0.500000333823675, 323584000000, 161792108020, 4003860, 134212208081199.964455
0.500000346476365, 324608000000, 162304112469, 4003848, 134636933771801.874611
0.500000327394114, 325632000000, 162816106610, 4003885, 135061650911555.394142
0.500000288731877, 326656000000, 163328094316, 4003873, 135486362713250.183205
0.500000338143921, 327680000000, 163840110803, 4003861, 135911098389796.304298
0.500000294307340, 328704000000, 164352096740, 4003849, 136335808724043.401955
0.500000327072617, 329728000000, 164864107845, 4003885, 136760539936031.312111
0.500000331021430, 330752000000, 165376109486, 4003873, 137185263297298.503517
0.500000357831790, 331776000000, 165888118720, 4003861, 137609992957226.136330
0.500000385973558, 332800000000, 166400128452, 4003849, 138034723030262.276955
0.500000397754505, 333824000000, 166912132780, 4003886, 138459448620490.433205
0.500000324377031, 334848000000, 167424108617, 4003874, 138884150576432.452736
0.500000272002429, 335872000000, 167936091358, 4003862, 139308858259485.191017
0.500000368273889, 336896000000, 168448124070, 4003850, 139733607395239.222267
0.500000364328835, 337920000000, 168960123114, 4003886, 140158328602203.612892
0.500000340194840, 338944000000, 169472115307, 4003874, 140583044126022.648048
0.500000298339844, 339968000000, 169984101426, 4003862, 141007754611245.144135
0.500000275241061, 340992000000, 170496093855, 4003851, 141432470330834.476166
0.500000255730726, 342016000000, 171008087464, 4003886, 141857187029275.292572
0.500000340741604, 343040000000, 171520116888, 4003875, 142281933437517.730072
0.500000400027320, 344064000000, 172032137635, 4003863, 142706672647883.616791
0.500000439203913, 345088000000, 172544151564, 4003851, 143131406202478.808197
0.500000388729660, 346112000000, 173056134544, 4003886, 143556114083790.448822
0.500000374253895, 347136000000, 173568129917, 4003875, 143980832245531.280853
0.500000412683824, 348160000000, 174080143680, 4003864, 144405565662423.636322
0.500000443780356, 349184000000, 174592154961, 4003852, 144830297020409.733978
0.500000456914177, 350208000000, 175104160015, 4003887, 145255023212880.413666
0.500000433815825, 351232000000, 175616152370, 4003875, 145679738871084.144135
0.500000421378202, 352256000000, 176128148433, 4003864, 146104457605204.233978
0.500000406264153, 353280000000, 176640143525, 4003853, 146529175533845.687103
0.500000441479633, 354304000000, 177152156418, 4003887, 146953908229042.456635
0.500000425564549, 355328000000, 177664151215, 4003876, 147378625912971.038666
0.500000411306798, 356352000000, 178176146570, 4003865, 147803344059780.237885
0.500000433146042, 357376000000, 178688154796, 4003853, 148228072883536.433197
0.500000369188058, 358400000000, 179200132317, 4003887, 148652776236415.655853
0.500000381632835, 359424000000, 179712137168, 4003876, 149077502260490.698822
0.500000363492099, 360448000000, 180224131020, 4003865, 149502219160508.558197
0.500000448778882, 361472000000, 180736162221, 4003854, 149926967042834.968353
0.500000354999779, 362496000000, 181248128686, 4003887, 150351661224373.503510
0.500000334344740, 363520000000, 181760121541, 4003876, 150776377297344.812103
0.500000383764374, 364544000000, 182272139899, 4003866, 151201114525951.210541
0.500000317888874, 365568000000, 182784116210, 4003855, 151625816875092.894135
0.500000309935841, 366592000000, 183296113620, 4003888, 152050536726596.839447
0.500000416276767, 367616000000, 183808153030, 4003877, 152475291418577.347260
0.500000441107856, 368640000000, 184320162610, 4003866, 152900021365524.144135
0.500000465649887, 369664000000, 184832172134, 4003855, 153324751266016.972260
0.500000416298882, 370688000000, 185344154317, 4003888, 153749458486189.093353
0.500000393213025, 371712000000, 185856146162, 4003877, 154174173721329.894135
0.500000420471862, 372736000000, 186368156725, 4003867, 154598904483709.749603
0.500000442513913, 373760000000, 186880165394, 4003856, 155023633674950.019135
0.500000368161394, 374784000000, 187392137981, 4003888, 155448332934902.780853
0.500000385058328, 375808000000, 187904144708, 4003878, 155873060515185.776947
0.500000383680261, 376832000000, 188416144583, 4003867, 156297782411493.882416
0.500000366999598, 377856000000, 188928138673, 4003857, 156722499508941.108978
0.500000294895481, 378880000000, 189440111730, 4003888, 157147199158775.394135
0.500000302273732, 379904000000, 189952114835, 4003878, 157571923734482.054291
0.500000285859795, 380928000000, 190464108892, 4003867, 157996640804554.620697
0.500000294552719, 381952000000, 190976112505, 4003857, 158421365801665.140228
0.500000229003906, 382976000000, 191488087703, 4003889, 158846067227534.194916
0.500000219346354, 384000000000, 192000084229, 4003878, 159270786345729.062103
0.500000148411528, 385024000000, 192512057142, 4003868, 159695485876110.284760
0.500000075296336, 386048000000, 193024029068, 4003858, 160120184587740.308197
0.500000007758247, 387072000000, 193536003003, 4003889, 160544884965906.460541
0.499999978603232, 388096000000, 194047991696, 4003879, 160969597586352.448822
0.500000000413754, 389120000000, 194560000161, 4003868, 161394326608367.546478
0.500000011195866, 390144000000, 195072004368, 4003858, 161819052098221.948822
0.499999973832215, 391168000000, 195583989764, 4003889, 162243761983690.526947
0.499999993658718, 392192000000, 196095997513, 4003879, 162668490411758.452728
0.499999998240153, 393216000000, 196607999308, 4003869, 163093213900774.058197
0.499999996890219, 394240000000, 197119998774, 4003859, 163517935457802.284760
0.500000029091949, 395264000000, 197632011499, 4003889, 163942668013637.148041
0.500000003431848, 396288000000, 198144001360, 4003879, 164367381602980.198822
0.499999963175036, 397312000000, 198655985369, 4003869, 164792090337883.515228
0.499999910118593, 398336000000, 199167964197, 4003859, 165216794774965.187103
0.499999958743990, 399360000000, 199679983524, 4003889, 165641532807391.151947
0.499999894129136, 400384000000, 200191957611, 4003880, 166066233311646.648041
0.499999879653619, 401408000000, 200703951692, 4003870, 166490950401628.058197
0.499999961387265, 402432000000, 201215984461, 4003860, 166915699584665.593353
0.499999932180957, 403456000000, 201727972638, 4003890, 167340411777071.441010
0.499999957871835, 404480000000, 202239982960, 4003880, 167765142339533.323822
0.499999975028606, 405504000000, 202751989874, 4003870, 168189870074939.394135
0.499999984992424, 406528000000, 203263993899, 4003860, 168614595413818.398041
0.499999976302410, 407552000000, 203775990342, 4003890, 169039314463161.847260
0.500000038455514, 408576000000, 204288015712, 4003880, 169464057508468.761322
0.500000082229004, 409600000000, 204800033681, 4003870, 169888794414385.983978
0.500000092663848, 410624000000, 205312038050, 4003861, 170313520038625.081635
0.500000091342603, 411648000000, 205824037601, 4003890, 170738241666163.796478
0.500000075069304, 412672000000, 206336030979, 4003880, 171162958172981.991791
0.500000051279200, 413696000000, 206848021214, 4003871, 171587672072571.191010
0.500000074563561, 414720000000, 207360030923, 4003861, 172012402126528.023041
0.500000010087939, 415744000000, 207872004194, 4003890, 172437101953882.831635
0.499999996875960, 416768000000, 208383998698, 4003881, 172861819394757.612885
0.500000000076593, 417792000000, 208896000032, 4003871, 173286542501357.511322
0.499999999598869, 418816000000, 209407999832, 4003862, 173711264335450.480072
0.500000024321170, 419840000000, 209920010211, 4003890, 174135994945195.866791
0.500000012942423, 420864000000, 210432005447, 4003881, 174560712993290.382416
0.500000054151813, 421888000000, 210944022846, 4003872, 174985449426372.566010
0.500000082341007, 422912000000, 211456034823, 4003862, 175410181361715.132416
0.500000116302933, 423936000000, 211968049305, 4003891, 175834915375043.265228
0.500000086786992, 424960000000, 212480036881, 4003881, 176259627068898.483978
0.499999993354210, 425984000000, 212991997169, 4003872, 176684316126398.358978
0.499999948113384, 427008000000, 213503977844, 4003863, 177109022095631.464447
0.499999834914212, 428032000000, 214015929338, 4003891, 177533703858199.175385
0.499999857829747, 429056000000, 214527939001, 4003882, 177958433873997.390228
0.499999823370071, 430080000000, 215039924035, 4003872, 178383143459174.241791
0.499999813193568, 431104000000, 215551919467, 4003863, 178807861669857.648041
0.499999801450033, 432128000000, 216063914201, 4003891, 179232579301525.515228
0.499999793132665, 433152000000, 216575910395, 4003882, 179657298144314.710541
0.499999784499834, 434176000000, 217087906435, 4003873, 180082016859355.491791
0.499999777892923, 435200000000, 217599903339, 4003864, 180506736291114.648041
0.499999800088945, 436224000000, 218111912794, 4003891, 180931466134369.550385
0.499999806990541, 437248000000, 218623915607, 4003882, 181356190467851.944916
0.499999827579677, 438272000000, 219135924433, 4003873, 181780919789329.233978
0.499999873260854, 439296000000, 219647944324, 4003864, 182205658289613.026947
0.499999897167969, 440320000000, 220159954721, 4003891, 182630388914290.046478
0.499999889612185, 441344000000, 220671951281, 4003882, 183055108060689.108978
0.499999909697356, 442368000000, 221183960053, 4003873, 183479837337371.499603
0.499999904601346, 443392000000, 221695957701, 4003864, 183904557386304.812103
0.499999919719362, 444416000000, 222207964322, 4003892, 184329284878657.081635
0.499999875296336, 445440000000, 222719944452, 4003883, 184753990395793.526947
0.499999825531286, 446464000000, 223231922106, 4003874, 185178693859000.925385
0.499999808587046, 447488000000, 223743914345, 4003865, 185603409420978.577728
0.499999799389983, 448512000000, 224255910024, 4003892, 186028127836557.167572
0.499999796487934, 449536000000, 224767908514, 4003883, 186452848583959.081635
0.499999765214400, 450560000000, 225279894215, 4003874, 186877558722435.882416
0.499999730366886, 451584000000, 225791878238, 4003865, 187302267468952.691010
0.499999772301859, 452608000000, 226303896942, 4003892, 187727004984578.253510
0.499999759428347, 453632000000, 226815890869, 4003883, 188151721946811.249603
0.499999824425500, 454656000000, 227327920174, 4003874, 188576468256339.003510
0.499999818978230, 455680000000, 227839917512, 4003866, 189001188048116.417572
0.499999845374685, 456704000000, 228351929382, 4003892, 189425919894698.722260
0.499999862623654, 457728000000, 228863937119, 4003883, 189850648312812.226166
0.499999824680873, 458752000000, 229375919572, 4003875, 190275355756958.839447
0.499999858918256, 459776000000, 229887935134, 4003866, 190700090666184.941010
0.499999913546007, 460800000000, 230399960162, 4003892, 191124833427790.831635
0.499999837838657, 461824000000, 230911925110, 4003884, 191549526350924.534760
0.499999818534378, 462848000000, 231423916009, 4003875, 191974240801325.077728
0.499999811491101, 463872000000, 231935912556, 4003866, 192398959936940.183197
0.499999821865536, 464896000000, 232447917186, 4003892, 192823685777687.956635
0.499999825386332, 465920000000, 232959918644, 4003884, 193248408987150.214447
0.499999865033066, 466944000000, 233471936978, 4003875, 193673146195847.769135
0.499999858456134, 467968000000, 233983933762, 4003867, 194097865528062.706635
0.499999838180609, 468992000000, 234495924108, 4003892, 194522579519730.308197
0.499999869070415, 470016000000, 235007938461, 4003884, 194947313426048.405853
0.499999888444718, 471040000000, 235519947453, 4003876, 195372042885228.530853
0.499999871907199, 472064000000, 236031939532, 4003867, 195796758314480.558197
0.499999859520850, 473088000000, 236543933541, 4003893, 196221475344735.437103
0.499999884050604, 474112000000, 237055945027, 4003884, 196646206872776.241791
0.499999916381836, 475136000000, 237567960270, 4003876, 197070941517380.628510
0.499999857741095, 476160000000, 238079932262, 4003867, 197495640283759.972260
0.499999882630180, 477184000000, 238591943993, 4003893, 197920372015036.890228
0.499999855912072, 478208000000, 239103931096, 4003884, 198345083316521.980072
0.499999839261569, 479232000000, 239615922969, 4003876, 198769798574889.765228
0.499999883938983, 480256000000, 240127944261, 4003868, 199194538237352.312103
0.499999869036735, 481280000000, 240639936970, 4003893, 199619254189211.487885
0.499999867676818, 482304000000, 241151936180, 4003885, 200043975533878.714447
0.499999914153535, 483328000000, 241663958508, 4003876, 200468716055739.683197
0.499999918034818, 484352000000, 242175960300, 4003868, 200893439542266.683197
0.499999862510713, 485376000000, 242687933266, 4003860, 201318139116613.269135
0.499999936924342, 486400000000, 243199969320, 4003885, 201742891024673.792572
0.499999986020385, 487424000000, 243711993186, 4003877, 202167632822359.831635
0.499999983484424, 488448000000, 244223991933, 4003869, 202592353782952.280853
0.500000008039275, 489472000000, 244736003935, 4003893, 203017085739033.226166
0.500000008369079, 490496000000, 245248004105, 4003885, 203441807880054.202728
0.500000021879069, 491520000000, 245760010754, 4003877, 203866535395633.456635
0.499999993590420, 492544000000, 246271996843, 4003869, 204291245855969.898041
0.499999986115388, 493568000000, 246783993147, 4003893, 204715964790007.960541
0.499999990557874, 494592000000, 247295995330, 4003885, 205140688600883.206635
0.500000020106292, 495616000000, 247808009965, 4003877, 205565422741130.218353
0.499999989861872, 496640000000, 248319994965, 4003869, 205990132298102.874603
0.499999931069959, 497664000000, 248831965696, 4003893, 206414830018438.386322
0.499999993091873, 498688000000, 249343996555, 4003885, 206839577617063.773041
0.499999993732390, 499712000000, 249855996868, 4003877, 207264299876708.276947
0.499999968592232, 500736000000, 250367984273, 4003870, 207689011428712.983978
0.499999992783402, 501760000000, 250879996379, 4003894, 208113743471065.585541
0.500000009349940, 502784000000, 251392004701, 4003886, 208538472374457.155853
0.500000024183816, 503808000000, 251904012184, 4003878, 208963200581868.730072
0.500000009306066, 504832000000, 252416004698, 4003870, 209387916371968.550385
0.500000007838199, 505856000000, 252928003965, 4003894, 209812637763919.280853
0.500000011882497, 506880000000, 253440006023, 4003886, 210237361471102.632416
0.499999990472609, 507904000000, 253951995161, 4003878, 210662074460691.765228
0.499999977022290, 508928000000, 254463988306, 4003870, 211086790774228.269135
0.499999991569795, 509952000000, 254975995701, 4003894, 211511518908640.749603
0.499999966847758, 510976000000, 255487983060, 4003886, 211936230422486.839447
0.499999955421875, 512000000000, 255999977176, 4003878, 212360947541501.980072
0.499999996859796, 513024000000, 256511998389, 4003871, 212785687138431.249603
0.499999997008062, 514048000000, 257023998462, 4003894, 213210409198987.316010
0.500000031333483, 515072000000, 257536016139, 4003886, 213635145862680.273041
0.500000055326916, 516096000000, 258048028554, 4003879, 214059878161359.237885
0.500000145989325, 517120000000, 258560075494, 4003871, 214484639099739.472260
0.500000171886580, 518144000000, 259072089062, 4003894, 214909372354872.472260
0.500000186221031, 519168000000, 259584096680, 4003886, 215334100674271.292572
0.500000192798044, 520192000000, 260096100292, 4003879, 215758825670552.276947
0.500000235984697, 521216000000, 260608122999, 4003871, 216183566506807.069916
0.500000305217907, 522240000000, 261120159397, 4003894, 216608318700227.687103
0.500000272455204, 523264000000, 261632142566, 4003887, 217033026738321.472260
0.500000214136124, 524288000000, 262144112269, 4003879, 217457723605894.843353
0.500000224291469, 525312000000, 262656117823, 4003871, 217882450213133.101166
0.500000226583399, 526336000000, 263168119259, 4003864, 218307173404345.585541
0.500000253327897, 527360000000, 263680133595, 4003887, 218731907296561.585541
0.500000269890837, 528384000000, 264192142606, 4003879, 219156636771502.878510
0.500000315414576, 529408000000, 264704166983, 4003872, 219581378993081.382416
0.500000268905345, 530432000000, 265216142636, 4003864, 220006080796388.933197
0.500000281902923, 531456000000, 265728149819, 4003887, 220430808754939.960541
0.500000231670673, 532480000000, 266240123360, 4003879, 220855508806269.261322
0.500000202412728, 533504000000, 266752107988, 4003872, 221280218054654.839447
0.500000206889068, 534528000000, 267264110588, 4003865, 221704942211446.245697
0.500000153755378, 535552000000, 267776082344, 4003887, 222129640782055.292572
0.500000170935711, 536576000000, 268288091720, 4003880, 222554370559776.917572
0.500000138392857, 537600000000, 268800074400, 4003872, 222979078192228.011322
0.500000133545850, 538624000000, 269312071931, 4003895, 223403798144105.710541
0.500000138829385, 539648000000, 269824074919, 4003887, 223828522622756.757416
0.500000149327134, 540672000000, 270336080737, 4003880, 224253249448992.296478
0.500000146940350, 541696000000, 270848079597, 4003873, 224677970503322.218353
0.500000173374853, 542720000000, 271360094094, 4003865, 225102704529093.378510
0.500000177967941, 543744000000, 271872096769, 4003887, 225527428748099.921478
0.500000208363927, 544768000000, 272384113510, 4003880, 225952164635347.972260
0.500000255197951, 545792000000, 272896139285, 4003873, 226376908016616.624603
0.500000221233468, 546816000000, 273408120974, 4003866, 226801614826998.378510
0.500000225671729, 547840000000, 273920123632, 4003888, 227226339031902.823822
0.500000210414602, 548864000000, 274432115489, 4003880, 227651054276998.046478
0.500000259678334, 549888000000, 274944142794, 4003873, 228075798927455.487885
0.500000249765843, 550912000000, 275456137599, 4003895, 228500516618020.351166
0.500000283589039, 551936000000, 275968156523, 4003888, 228925254316143.648041
0.500000258649812, 552960000000, 276480143023, 4003881, 229349965117419.038666
0.500000215836558, 553984000000, 276992119570, 4003873, 229774667662331.019135
0.500000232978624, 555008000000, 277504129305, 4003895, 230199397737855.765228
0.500000215322140, 556032000000, 278016119726, 4003888, 230624111791738.503510
0.500000241065530, 557056000000, 278528134287, 4003881, 231048845870599.913666
0.500000198596975, 558080000000, 279040110833, 4003874, 231473548414682.358978
0.500000235390911, 559104000000, 279552131608, 4003895, 231898287648275.230072
0.500000268247615, 560128000000, 280064150253, 4003888, 232323025114958.218353
0.500000278494953, 561152000000, 280576156278, 4003881, 232747752112907.534760
0.500000293578879, 562176000000, 281088165043, 4003874, 233172481383783.179291
0.500000285999645, 563200000000, 281600161075, 4003867, 233597200092187.679291
0.500000311468495, 564224000000, 282112175738, 4003888, 234021934255661.675385
0.500000359150320, 565248000000, 282624203009, 4003881, 234446678877914.921478
0.500000317336898, 566272000000, 283136179699, 4003874, 234871381541450.429291
0.500000291221867, 567296000000, 283648165209, 4003867, 235296091521486.015228
0.500000262341639, 568320000000, 284160149094, 4003888, 235720800153526.972260
0.500000332412390, 569344000000, 284672189257, 4003881, 236145555470147.452728
0.500000268253128, 570368000000, 285184153003, 4003874, 236570247396179.898041
0.500000296587982, 571392000000, 285696169468, 4003867, 236994983054476.245697
0.500000309381639, 572416000000, 286208177095, 4003889, 237419711381340.882416
0.500000288059780, 573440000000, 286720165185, 4003882, 237844423501577.171478
0.500000307105406, 574464000000, 287232176421, 4003875, 238269154822234.187103
0.500000304124500, 575488000000, 287744175020, 4003868, 238693875660055.433197
0.500000266790631, 576512000000, 288256153808, 4003889, 239118580063955.698822
0.500000251270916, 577536000000, 288768145118, 4003882, 239543294855295.191010
0.500000247104881, 578560000000, 289280142965, 4003875, 239968015069305.999603
0.500000246939184, 579584000000, 289792143122, 4003868, 240392737199543.019135
0.500000218801670, 580608000000, 290304127038, 4003889, 240817445857299.566010
0.500000239135742, 581632000000, 290816139089, 4003882, 241242177854027.733978
0.500000219004009, 582656000000, 291328127604, 4003875, 241666890326816.464447
0.500000251941132, 583680000000, 291840147053, 4003868, 242091628460445.718353
0.500000220034411, 584704000000, 292352128655, 4003889, 242516335198657.913666
0.500000248007608, 585728000000, 292864145265, 4003882, 242941070977236.858978
0.500000208224258, 586752000000, 293376122176, 4003875, 243365773824099.636322
0.500000205057709, 587776000000, 293888120528, 4003869, 243790494457025.698822
0.500000209741848, 588800000000, 294400123496, 4003889, 244215218919086.042572
0.500000215116713, 589824000000, 294912126881, 4003882, 244639943727062.546478
0.500000192560523, 590848000000, 295424113774, 4003876, 245064654854345.253510
0.500000192223994, 591872000000, 295936113772, 4003869, 245489376852686.183197
0.500000233664926, 592896000000, 296448138539, 4003889, 245914119397783.398041
0.500000209270609, 593920000000, 296960124290, 4003883, 246338829577736.956635
0.500000188283267, 594944000000, 297472112018, 4003876, 246763541397681.519135
0.500000183894102, 595968000000, 297984109595, 4003869, 247188261387717.835541
0.500000197101469, 596992000000, 298496117668, 4003889, 247612990084555.151947
0.500000211399026, 598016000000, 299008126420, 4003883, 248037719344646.839447
0.500000162020900, 599040000000, 299520097057, 4003876, 248462416987006.046478
0.500000177191100, 600064000000, 300032106326, 4003869, 248887146675967.409760
0.500000172816626, 601088000000, 300544103878, 4003890, 249311866645265.347260
0.500000195830676, 602112000000, 301056117912, 4003883, 249736600286961.730072
0.500000189298931, 603136000000, 301568114173, 4003876, 250161319185329.780853
0.500000214966234, 604160000000, 302080129874, 4003870, 250586054209861.269135
0.500000211715776, 605184000000, 302592128127, 4003890, 251010774760663.351166
0.500000161078376, 606208000000, 303104097647, 4003883, 251435471476431.788666
0.500000160459264, 607232000000, 303616097436, 4003877, 251860193301399.870697
0.500000162007444, 608256000000, 304128098542, 4003870, 252284916218865.753510
0.500000195061384, 609280000000, 304640118847, 4003890, 252709655062577.101166
0.500000191406250, 610304000000, 305152116816, 4003883, 253134375377791.198822
0.500000210117973, 611328000000, 305664128451, 4003877, 253559107029432.741791
0.500000213302153, 612352000000, 306176130616, 4003870, 253983830825376.355072
0.500000213069960, 613376000000, 306688130692, 4003890, 254408552888421.026947
0.500000193321940, 614400000000, 307200118777, 4003883, 254833265004509.640228
0.500000216114419, 615424000000, 307712133002, 4003877, 255257998804647.237885
0.500000209062240, 616448000000, 308224128876, 4003871, 255682717381985.183197
0.500000203489389, 617472000000, 308736125649, 4003890, 256107436705075.233978
0.500000211291585, 618496000000, 309248130683, 4003884, 256532162880955.210541
0.500000245259233, 619520000000, 309760151943, 4003877, 256956902516872.632416
0.500000257074438, 620544000000, 310272159526, 4003871, 257381630807237.722260
0.500000301247812, 621568000000, 310784187246, 4003890, 257806375801952.253510
0.500000290209318, 622592000000, 311296180682, 4003884, 258231092356883.487885
0.500000276152312, 623616000000, 311808172213, 4003877, 258655807331550.249603
0.500000252353356, 624640000000, 312320157630, 4003871, 259080517234439.066010
0.500000265561068, 625664000000, 312832166152, 4003890, 259505246303737.667572
0.500000277421939, 626688000000, 313344173857, 4003884, 259929974695306.046478
0.500000273835772, 627712000000, 313856171890, 4003878, 260354695063610.394135
0.500000263129517, 628736000000, 314368165439, 4003871, 260779411712279.101166
0.500000221082635, 629760000000, 314880139229, 4003890, 261204111970162.655853
0.500000241261668, 630784000000, 315392152184, 4003884, 261628844716790.605072
0.500000194233058, 631808000000, 315904122718, 4003878, 262053542273707.691010
0.500000182832094, 632832000000, 316416115702, 4003872, 262478258453689.034760
0.500000193842134, 633856000000, 316928122868, 4003891, 262902986398137.964447
0.500000203386467, 634880000000, 317440129126, 4003884, 263327713589368.972260
0.500000177056600, 635904000000, 317952112591, 4003878, 263752421873005.163666
0.500000199496646, 636928000000, 318464127065, 4003872, 264177155879697.015228
0.500000239996113, 637952000000, 318976153106, 4003891, 264601899481622.019135
0.500000233720828, 638976000000, 319488149342, 4003884, 265026618359251.691010
0.500000191321875, 640000000000, 320000122446, 4003878, 265451318048074.128510
0.500000181539225, 641024000000, 320512116371, 4003872, 265876035008648.054291
0.500000203363300, 642048000000, 321024130569, 4003891, 266300768786388.202728
0.500000166964197, 643072000000, 321536107370, 4003885, 266725471542002.112885
0.500000171612617, 644096000000, 322048110535, 4003878, 267150196167480.882416
0.500000175268167, 645120000000, 322560113069, 4003872, 267574920269522.968353
0.500000158876350, 646144000000, 323072102657, 4003891, 267999633632402.921478
0.500000124989184, 647168000000, 323584080889, 4003885, 268424337575081.640228
0.500000115206605, 648192000000, 324096074676, 4003879, 268849054421179.714447
0.500000123997252, 649216000000, 324608080501, 4003873, 269273781253221.999603
0.500000110476132, 650240000000, 325120071836, 4003891, 269698496065299.870697
0.500000104690264, 651264000000, 325632068181, 4003885, 270123215033348.874603
0.500000069593492, 652288000000, 326144045395, 4003879, 270547918131560.804291
0.500000055198741, 653312000000, 326656036062, 4003873, 270972632389509.191010
0.500000022832306, 654336000000, 327168014940, 4003891, 271397336868067.620697
0.500000057699585, 655360000000, 327680037814, 4003885, 271822077842854.784760
0.500000034351843, 656384000000, 328192022548, 4003879, 272246787179171.089447
0.500000020238573, 657408000000, 328704013305, 4003873, 272671501511777.640228
0.500000042979381, 658432000000, 329216028299, 4003891, 273096235949827.773041
0.500000064064926, 659456000000, 329728042248, 4003885, 273520969521013.667572
0.500000088627968, 660480000000, 330240058537, 4003879, 273945705033311.827728
0.500000045330036, 661504000000, 330752029986, 4003873, 274370403349253.581635
0.500000058177164, 662528000000, 331264038544, 4003891, 274795132448415.448822
0.500000097431701, 663552000000, 331776064651, 4003885, 275219876105089.773041
0.500000071945120, 664576000000, 332288047813, 4003879, 275644584137376.812103
0.500000073123498, 665600000000, 332800048671, 4003873, 276069306849117.976166
0.500000091381348, 666624000000, 333312060917, 4003892, 276494039007605.499603
0.500000067406777, 667648000000, 333824045004, 4003886, 276918747807212.558197
0.500000067121100, 668672000000, 334336044882, 4003880, 277343469706009.269135
0.500000063969323, 669696000000, 334848042840, 4003874, 277768190012098.480072
0.500000065112118, 670720000000, 335360043672, 4003892, 278192912702271.730072
0.500000028932153, 671744000000, 335872019435, 4003886, 278617614596828.148041
0.499999987484541, 672768000000, 336383991580, 4003880, 279042313490126.370697
0.499999991673988, 673792000000, 336895994390, 4003874, 279467037821120.159760
0.499999972832594, 674816000000, 337407981667, 4003892, 279891749266944.366791
0.499999980627071, 675840000000, 337919986907, 4003886, 280316475613708.585541
0.499999958678553, 676864000000, 338431972031, 4003880, 280741185273543.601166
0.499999937620964, 677888000000, 338943957714, 4003874, 281165895397088.769135
0.499999992078502, 678912000000, 339455994622, 4003892, 281590648013572.316010
0.500000013165945, 679936000000, 339968008952, 4003886, 282015381900811.105072
0.500000009335350, 680960000000, 340480006357, 4003880, 282440101748167.374603
0.500000048080307, 681984000000, 340992032790, 4003874, 282864845675270.159760
0.500000070425237, 683008000000, 341504048101, 4003892, 283289580376282.937103
0.500000097312699, 684032000000, 342016066565, 4003886, 283714317692820.062103
0.500000097484001, 685056000000, 342528066782, 4003880, 284139039872829.191010
0.500000101600396, 686080000000, 343040069706, 4003875, 284563764298389.987885
0.500000092272785, 687104000000, 343552063401, 4003892, 284988481068170.827728
0.500000109524681, 688128000000, 344064075367, 4003886, 285413212994388.507416
0.500000117442886, 689152000000, 344576080936, 4003880, 285837939614069.792572
0.500000153549240, 690176000000, 345088105976, 4003875, 286262682385630.105072
0.500000145959201, 691200000000, 345600100887, 4003892, 286687400164125.694916
0.500000116251387, 692224000000, 346112080472, 4003886, 287112105229165.480072
0.500000143018083, 693248000000, 346624099147, 4003881, 287536842720734.523041
0.500000159790399, 694272000000, 347136110938, 4003875, 287961574501783.550385
0.500000135883135, 695296000000, 347648094479, 4003892, 288386282848464.413666
0.500000128891889, 696320000000, 348160089750, 4003887, 288811000925592.659760
0.500000098751836, 697344000000, 348672068864, 4003881, 289235705599921.386322
0.500000107658140, 698368000000, 349184075185, 4003875, 289660432843413.108978
0.500000124744063, 699392000000, 349696087245, 4003892, 290085164847607.093353
0.500000096239949, 700416000000, 350208067408, 4003887, 290509870392118.198822
0.500000095395187, 701440000000, 350720066914, 4003881, 290934591982327.831635
0.500000102735514, 702464000000, 351232072168, 4003875, 291359318340705.542572
0.500000119383700, 703488000000, 351744083985, 4003892, 291784050143322.483978
0.500000119137786, 704512000000, 352256083934, 4003887, 292208772101016.191010
0.500000137128368, 705536000000, 352768096749, 4003881, 292633504731509.218353
0.500000127043705, 706560000000, 353280089764, 4003876, 293058220937206.151947
0.500000122692147, 707584000000, 353792086815, 4003893, 293482940490906.976166
0.500000125987852, 708608000000, 354304089276, 4003887, 293907664532392.995697
0.500000137000586, 709632000000, 354816097220, 4003881, 294332393122220.276947
0.500000125140715, 710656000000, 355328088932, 4003876, 294757108247032.901947
0.500000134282262, 711680000000, 355840095566, 4003870, 295181835750169.128510
0.500000105188129, 712704000000, 356352074968, 4003887, 295606540663403.980072
0.500000091292481, 713728000000, 356864065158, 4003881, 296031254525664.097260
0.500000112427807, 714752000000, 357376080358, 4003876, 296455989134598.472260
0.500000151762563, 715776000000, 357888108628, 4003893, 296880734585557.339447
0.500000153931362, 716800000000, 358400110338, 4003887, 297305458004062.456635
0.500000188243915, 717824000000, 358912135126, 4003882, 297730200566579.909760
0.500000171723369, 718848000000, 359424123443, 4003876, 298154912875120.679291
0.500000183877134, 719872000000, 359936132368, 4003871, 298579642278721.948822
0.500000180457375, 720896000000, 360448130091, 4003887, 299004362389870.398041
0.500000209689439, 721920000000, 360960151379, 4003882, 299429102049014.804291
0.500000211346937, 722944000000, 361472152792, 4003876, 299853825221147.980072
0.500000244005260, 723968000000, 361984176652, 4003871, 300278567013856.808197
0.500000261768406, 724992000000, 362496189780, 4003887, 300703299903994.339447
0.500000298874956, 726016000000, 363008216988, 4003882, 301128044473986.870697
0.500000338061180, 727040000000, 363520245784, 4003876, 301552790361281.230072
0.500000338190049, 728064000000, 364032246224, 4003871, 301977512726276.698822
0.500000322755278, 729088000000, 364544235317, 4003888, 302402225678536.749603
0.500000332820170, 730112000000, 365056242996, 4003882, 302826954048537.214447
0.500000318705412, 731136000000, 365568233017, 4003877, 303251667770605.890228
0.500000334484266, 732160000000, 366080244896, 4003871, 303676399624654.011322
0.500000312684128, 733184000000, 366592229255, 4003888, 304101108649894.632416
0.500000302384338, 734208000000, 367104222013, 4003882, 304525824642401.030853
0.500000304034645, 735232000000, 367616223536, 4003877, 304950547905783.073822
0.500000268905109, 736256000000, 368128197983, 4003893, 305375248708671.226166
0.500000286859809, 737280000000, 368640211496, 4003888, 305799981918179.792572
0.500000307793267, 738304000000, 369152227245, 4003882, 306224716982528.968353
0.500000322647052, 739328000000, 369664238542, 4003877, 306649448353787.628510
0.500000356914008, 740352000000, 370176264242, 4003872, 307074191672841.144135
0.500000317790163, 741376000000, 370688235602, 4003888, 307498889914954.269135
0.500000346109914, 742400000000, 371200256952, 4003883, 307923629625529.855072
0.500000344687554, 743424000000, 371712256249, 4003877, 308348351042366.640228
0.500000361406035, 744448000000, 372224269048, 4003872, 308773083659587.105072
0.500000390500247, 745472000000, 372736291107, 4003867, 309197823958303.116791
0.500000336292492, 746496000000, 373248251041, 4003883, 309622512722147.546478
0.500000297947881, 747520000000, 373760222722, 4003877, 310047211230541.456635
0.500000338104373, 748544000000, 374272253086, 4003872, 310471958418546.941010
0.500000347542851, 749568000000, 374784260507, 4003867, 310896686574527.335541
0.500000345640508, 750592000000, 375296259435, 4003883, 311321407685265.648041
0.500000325880503, 751616000000, 375808244937, 4003878, 311746117658664.952728
0.500000317885045, 752640000000, 376320239253, 4003872, 312170834943587.124603
0.500000277350384, 753664000000, 376832209029, 4003867, 312595531871716.562103
0.500000281745569, 754688000000, 377344212630, 4003862, 313020256858872.659760
0.500000307200362, 755712000000, 377856232155, 4003878, 313444995055546.585541
0.500000294723655, 756736000000, 378368223028, 4003872, 313869709484379.214447
0.500000282614548, 757760000000, 378880214154, 4003867, 314294424123084.237885
0.500000260697379, 758784000000, 379392197813, 4003862, 314719132567650.249603
0.500000297417242, 759808000000, 379904225980, 4003878, 315143877933166.995697
0.500000280235321, 760832000000, 380416213212, 4003873, 315568589341662.120697
0.500000293861307, 761856000000, 380928223880, 4003867, 315993320191143.167572
0.500000283508547, 762880000000, 381440216283, 4003862, 316418035889164.585541
0.500000271946475, 763904000000, 381952207741, 4003878, 316842750803275.280853
0.500000268782160, 764928000000, 382464205599, 4003873, 317267471026410.976166
0.500000281431474, 765952000000, 382976215563, 4003868, 317692201291899.273041
0.500000260427966, 766976000000, 383488199742, 4003863, 318116910167823.566010
0.500000313317708, 768000000000, 384000240628, 4003878, 318541666084197.964447
0.500000318139616, 769024000000, 384512244657, 4003873, 318966391426395.108978
0.500000307284741, 770048000000, 385024236624, 4003868, 319391106762739.198822
0.500000280015355, 771072000000, 385536215912, 4003863, 319815811581407.042572
0.500000309611758, 772096000000, 386048239050, 4003878, 320240552775191.487885
0.500000298098613, 773120000000, 386560230466, 4003873, 320665267654461.706635
0.500000288800275, 774144000000, 387072223573, 4003868, 321089983936475.874603
0.500000291753530, 775168000000, 387584226158, 4003863, 321514708080824.253510
0.500000290395933, 776192000000, 388096225403, 4003879, 321939429454525.210541
0.500000318504766, 777216000000, 388608247547, 4003873, 322364169823751.710541
0.500000337800678, 778240000000, 389120262890, 4003868, 322788904551309.612885
0.500000338137011, 779264000000, 389632263498, 4003863, 323213627055666.987885
0.500000305027118, 780288000000, 390144238009, 4003879, 323638327911645.390228
0.500000340827992, 781312000000, 390656266293, 4003874, 324063073374217.749603
0.500000319245184, 782336000000, 391168249757, 4003869, 324487781657024.405853
0.500000318932547, 783360000000, 391680249839, 4003864, 324912503725046.288666
0.500000376577034, 784384000000, 392192295381, 4003879, 325337263503736.374603
0.500000395694976, 785408000000, 392704310782, 4003874, 325761998279407.316010
0.500000400302887, 786432000000, 393216314811, 4003869, 326186723621604.460541
0.500000395487494, 787456000000, 393728311429, 4003864, 326611442816116.562103
0.500000387615412, 788480000000, 394240305627, 4003879, 327036160003153.585541
0.500000420978234, 789504000000, 394752332364, 4003874, 327460904182435.058197
0.500000401209065, 790528000000, 395264317167, 4003869, 327885613575989.288666
0.500000377109779, 791552000000, 395776298502, 4003864, 328310320092715.597260
0.500000409049732, 792576000000, 396288324203, 4003879, 328735063412598.648041
0.500000396432712, 793600000000, 396800314609, 4003874, 329159777454038.358978
0.500000385203568, 794624000000, 397312306092, 4003869, 329584492388887.433197
0.500000368296030, 795648000000, 397824293034, 4003864, 330009203556817.362885
0.500000382265223, 796672000000, 398336304540, 4003879, 330433935101448.870697
0.500000336842607, 797696000000, 398848268698, 4003874, 330858627369249.800385
0.500000362233323, 798720000000, 399360289323, 4003869, 331283366478412.398041
0.500000317143986, 799744000000, 399872253634, 4003864, 331708058873132.206635
0.500000336092351, 800768000000, 400384269132, 4003880, 332132793729268.058197
0.500000352557771, 801792000000, 400896282678, 4003875, 332557526966151.284760
0.500000353812081, 802816000000, 401408284046, 4003870, 332982250100955.378510
0.500000360202279, 803840000000, 401920289545, 4003865, 333406976662569.202728
0.500000356275097, 804864000000, 402432286753, 4003880, 333831696346507.046478
0.500000368726175, 805888000000, 402944297152, 4003875, 334256426972843.136322
0.500000409237934, 806912000000, 403456330219, 4003870, 334681176403082.148041
0.500000405264773, 807936000000, 403968327428, 4003865, 335105896087849.526947
0.500000414565615, 808960000000, 404480335367, 4003880, 335530624673529.132416
0.500000447818722, 809984000000, 404992362726, 4003875, 335955369368781.472260
0.500000431095624, 811008000000, 405504349622, 4003870, 336380080498552.784760
0.500000410228907, 812032000000, 406016333119, 4003865, 336804788808734.101166
0.500000414575380, 813056000000, 406528337073, 4003880, 337229514088716.108978
0.500000430349597, 814080000000, 407040350339, 4003875, 337654247093329.491791
0.500000428309762, 815104000000, 407552349117, 4003870, 338078968079637.530853
0.500000413970603, 816128000000, 408064337853, 4003865, 338503680735753.530853
0.500000410099957, 817152000000, 408576335114, 4003880, 338928400463656.737885
0.500000428720715, 818176000000, 409088350769, 4003875, 339353135450029.608978
0.500000458726807, 819200000000, 409600375789, 4003870, 339777878204999.218353
0.500000447969091, 820224000000, 410112367435, 4003866, 340202593275062.523041
0.500000464001130, 821248000000, 410624381060, 4003880, 340627326577479.026947
0.500000459418538, 822272000000, 411136377767, 4003875, 341052045845819.757416
0.500000409285360, 823296000000, 411648336963, 4003871, 341476733997467.241791
0.500000396077979, 824320000000, 412160326495, 4003866, 341901447313893.226166
0.500000359531298, 825344000000, 412672296737, 4003880, 342326144628586.046478
0.500000321780369, 826368000000, 413184265909, 4003876, 342750841055676.249603
0.500000316008615, 827392000000, 413696261463, 4003871, 343175559367562.944916
0.500000350170687, 828416000000, 414208290087, 4003866, 343600305112177.257416
0.500000344454090, 829440000000, 414720285704, 4003881, 344025023476324.667572
0.500000343670526, 830464000000, 415232285406, 4003876, 344449745229123.191010
0.500000352169845, 831488000000, 415744292825, 4003871, 344874473383444.515228
0.500000367669175, 832512000000, 416256306089, 4003866, 345299206386398.827728
0.500000385949737, 833536000000, 416768321703, 4003881, 345723941338760.757416
0.500000389822182, 834560000000, 417280325330, 4003876, 346148666347484.769135
0.500000354867973, 835584000000, 417792296522, 4003871, 346573364450235.987885
0.500000374252936, 836608000000, 418304313103, 4003866, 346998100204758.413666
0.500000353797372, 837632000000, 418816296352, 4003881, 347422808309215.011322
0.500000327225942, 838656000000, 419328274430, 4003876, 347847512124145.316010
0.500000322898009, 839680000000, 419840271131, 4003871, 348272231387508.835541
0.500000343741674, 840704000000, 420352288985, 4003867, 348696968198029.515228
0.500000340783484, 841728000000, 420864286847, 4003881, 349121688424483.351166
0.500000350309462, 842752000000, 421376295224, 4003876, 349546417373499.355072
0.500000359353667, 843776000000, 421888303214, 4003872, 349971146001485.253510
0.500000348789063, 844800000000, 422400294657, 4003867, 350395860903152.921478
0.500000349028876, 845824000000, 422912295217, 4003881, 350820583367692.608978
0.500000336948307, 846848000000, 423424285344, 4003876, 351245297177692.011322
0.500000338634841, 847872000000, 423936287119, 4003872, 351670020650116.913666
0.500000341708525, 848896000000, 424448290075, 4003867, 352094745102222.835541
0.500000351687218, 849920000000, 424960298906, 4003881, 352519474427847.800385
0.500000351964407, 850944000000, 425472299502, 4003877, 352944196922250.753510
0.500000330508892, 851968000000, 425984281583, 4003872, 353368904057810.288666
0.500000348154496, 852992000000, 426496296973, 4003867, 353793638824356.343353
0.500000344009948, 854016000000, 427008293790, 4003881, 354218358183945.941010
0.500000322615316, 855040000000, 427520275849, 4003877, 354643065301255.702728
0.500000330425062, 856064000000, 428032282865, 4003872, 355067793121274.358978
0.500000343626325, 857088000000, 428544294518, 4003867, 355492524787847.534760
0.500000355952370, 858112000000, 429056305447, 4003882, 355917255853837.257416
0.500000341384833, 859136000000, 429568293296, 4003877, 356341967774155.573822
0.500000346571568, 860160000000, 430080298107, 4003872, 356766693765049.210541
0.500000362402228, 861184000000, 430592312095, 4003868, 357191427368586.976166
0.500000346955723, 862208000000, 431104299148, 4003882, 357616138628595.308197
0.500000349093870, 863232000000, 431616301349, 4003877, 358040862454402.187103
0.500000335143754, 864256000000, 432128289650, 4003872, 358465574749670.394135
0.500000324743436, 865280000000, 432640280994, 4003868, 358890289569214.081635
0.500000307619496, 866304000000, 433152266492, 4003882, 359314999539295.245697
0.500000304903105, 867328000000, 433664264451, 4003877, 359739719846213.991791
0.500000292746490, 868352000000, 434176254207, 4003873, 360164433348455.851166
0.500000296412599, 869376000000, 434688257694, 4003868, 360589158241044.941010
0.500000281594669, 870400000000, 435200245100, 4003882, 361013869793879.183197
0.500000281388853, 871424000000, 435712245209, 4003877, 361438591884298.515228
0.500000256926487, 872448000000, 436224224155, 4003873, 361863296419265.335541
0.500000272622362, 873472000000, 436736238128, 4003868, 362288030010360.073822
0.500000252652957, 874496000000, 437248220944, 4003882, 362712737755627.948822
0.500000242209201, 875520000000, 437760212059, 4003878, 363137452385208.085541
0.500000233853634, 876544000000, 438272204983, 4003873, 363562168515417.319916
0.500000247719835, 877568000000, 438784217391, 4003868, 363986900808289.538666
0.500000223509889, 878592000000, 439296196374, 4003864, 364411605373949.159760
0.500000207619006, 879616000000, 439808182625, 4003878, 364836315968670.296478
0.500000185394713, 880640000000, 440320163266, 4003873, 365261021909699.206635
0.500000176147603, 881664000000, 440832155303, 4003869, 365685737304110.757416
0.500000156572877, 882688000000, 441344138205, 4003864, 366110445120718.655853
0.500000171801447, 883712000000, 441856151823, 4003878, 366535178417328.413666
0.500000181914153, 884736000000, 442368160946, 4003873, 366959907985177.644135
0.500000163973311, 885760000000, 442880145241, 4003869, 367384616957328.015228
0.500000140555084, 886784000000, 443392124642, 4003864, 367809321869733.331635
0.500000114249928, 887808000000, 443904101432, 4003878, 368234024616222.355072
0.500000144185853, 888832000000, 444416128157, 4003873, 368658768785549.405853
0.500000172390814, 889856000000, 444928153403, 4003869, 369083511727993.960541
0.500000157415140, 890880000000, 445440140238, 4003865, 369508222807163.628510
0.500000182620551, 891904000000, 445952162880, 4003878, 369932963589498.636322
0.500000213008216, 892928000000, 446464190201, 4003874, 370357708253228.640228
0.500000205119514, 893952000000, 446976183367, 4003869, 370782424584185.382416
0.500000228997202, 894976000000, 447488204947, 4003865, 371207164485554.054291
0.500000203709821, 896000000000, 448000182524, 4003878, 371631867884887.245697
0.500000196330310, 897024000000, 448512176113, 4003874, 372056584566737.358978
0.500000159609509, 898048000000, 449024143337, 4003869, 372481279377893.077728
0.500000152159115, 899072000000, 449536136802, 4003865, 372905995956880.831635
0.500000166805541, 900096000000, 450048150141, 4003861, 373330729022050.280853
0.500000167269620, 901120000000, 450560150730, 4003874, 373755451510646.487885
0.500000184848539, 902144000000, 451072166760, 4003870, 374180186808095.042572
0.500000212115575, 903168000000, 451584191576, 4003865, 374604929393839.480072
0.500000198136015, 904192000000, 452096179153, 4003861, 375029641088524.233978
0.500000187999328, 905216000000, 452608170180, 4003856, 375454355645105.276947
0.500000152407751, 906240000000, 453120138118, 4003870, 375879051048549.097260
0.500000181293427, 907264000000, 453632164481, 4003865, 376303794917584.421478
0.500000148140237, 908288000000, 454144134554, 4003861, 376728492092085.800385
0.500000148790514, 909312000000, 454656135297, 4003857, 377153214708430.421478
0.500000134363576, 910336000000, 455168122316, 4003870, 377577925940234.558197
0.500000148216950, 911360000000, 455680135079, 4003866, 378002658527591.757416
0.500000125699267, 912384000000, 456192114686, 4003861, 378427363610881.316010
0.500000130682017, 913408000000, 456704119366, 4003857, 378852089493105.847260
0.500000108287986, 914432000000, 457216099022, 4003870, 379276794617042.628510
0.500000125055710, 915456000000, 457728114483, 4003866, 379701529442485.679291
0.500000117305342, 916480000000, 458240107508, 4003861, 380126245656477.964447
0.500000113028390, 917504000000, 458752103704, 4003857, 380550964500926.230072
0.500000114930628, 918528000000, 459264105567, 4003870, 380975688046350.226166
0.500000101614699, 919552000000, 459776093440, 4003866, 381400399986577.386322
0.500000117334147, 920576000000, 460288108015, 4003862, 381825134077052.288666
0.500000127757161, 921600000000, 460800117741, 4003857, 382249864145111.218353
0.500000149398888, 922624000000, 461312137839, 4003870, 382674602817108.788666
0.500000174697504, 923648000000, 461824161359, 4003866, 383099344327775.663666
0.500000171788483, 924672000000, 462336158848, 4003862, 383524064244812.886322
0.500000181017310, 925696000000, 462848167567, 4003858, 383948793477529.913666
0.500000178013855, 926720000000, 463360164969, 4003871, 384373513322397.577728
0.500000195460170, 927744000000, 463872181337, 4003866, 384798248900229.015228
0.500000195608591, 928768000000, 464384181675, 4003862, 385222971180611.898041
0.500000197045146, 929792000000, 464896183211, 4003858, 385647694454777.898041
0.500000185311598, 930816000000, 465408172491, 4003871, 386072407562161.023041
0.500000196436083, 931840000000, 465920183047, 4003867, 386497138318734.132416
0.500000213306548, 932864000000, 466432198986, 4003862, 386921873540694.987885
0.500000215802109, 933888000000, 466944201535, 4003858, 387346597655180.101166
0.500000215967920, 934912000000, 467456201911, 4003871, 387771319967085.319916
0.500000196962185, 935936000000, 467968184344, 4003867, 388196027394641.230072
0.500000216758453, 936960000000, 468480203094, 4003863, 388620764948425.409760
0.500000223552854, 937984000000, 468992209689, 4003858, 389045492419209.765228
0.500000207921551, 939008000000, 469504195240, 4003871, 389470202433256.292572
0.500000172471788, 940032000000, 470016162129, 4003867, 389894896966517.733978
0.500000182645879, 941056000000, 470528171880, 4003863, 390319627055315.042572
0.500000153983738, 942080000000, 471040145065, 4003859, 390744326811329.827728
0.500000137729243, 943104000000, 471552129893, 4003871, 391169036225622.437103
0.500000125134516, 944128000000, 472064118143, 4003867, 391593748478584.351166
0.500000109042778, 945152000000, 472576103062, 4003863, 392018457968364.659760
0.500000139887294, 946176000000, 473088132358, 4003859, 392443204270426.597260
0.500000126178209, 947200000000, 473600119516, 4003871, 392867915617536.120697
0.500000129708803, 948224000000, 474112122993, 4003867, 393292640501829.858978
0.500000106752924, 949248000000, 474624101335, 4003863, 393717344535757.444916
0.500000129329287, 950272000000, 475136122898, 4003859, 394142084423024.019135
0.500000138665568, 951296000000, 475648131912, 4003872, 394566813900453.917572
0.500000094160576, 952320000000, 476160089671, 4003867, 394991500860059.382416
0.500000085100446, 953344000000, 476672081130, 4003863, 395416215774999.612885
0.500000084404548, 954368000000, 477184080553, 4003859, 395840937296357.827728
0.500000076903512, 955392000000, 477696073473, 4003872, 396265653423248.921478
0.500000095515968, 956416000000, 478208091353, 4003868, 396690390255337.515228
0.500000089364347, 957440000000, 478720085561, 4003864, 397115107450669.890228
0.500000087821765, 958464000000, 479232084174, 4003859, 397539828300104.628510
0.500000081587263, 959488000000, 479744078282, 4003872, 397964545412483.487885
0.500000090003040, 960512000000, 480256086449, 4003868, 398389274187297.108978
0.500000076587876, 961536000000, 480768073642, 4003864, 398813985563440.362885
0.500000070148354, 962560000000, 481280067522, 4003860, 399238702486685.206635
0.500000073465313, 963584000000, 481792070790, 4003872, 399663427197606.097260
0.500000077950836, 964608000000, 482304075192, 4003868, 400088152849219.855072
0.500000088294506, 965632000000, 482816085260, 4003864, 400512883200979.808197
0.500000075718767, 966656000000, 483328073194, 4003860, 400937595191808.612885
0.500000069438244, 967680000000, 483840067194, 4003872, 401362312214597.675385
0.500000089423601, 968704000000, 484352086625, 4003868, 401787050333295.296478
0.500000077396961, 969728000000, 484864075054, 4003864, 402211762734744.003510
0.500000087427067, 970752000000, 485376084870, 4003860, 402636492877461.097260
0.500000085969400, 971776000000, 485888083543, 4003872, 403061213776667.944916
0.500000100457442, 972800000000, 486400097725, 4003868, 403485947541135.530853
0.500000111661861, 973824000000, 486912108739, 4003864, 403910678677635.741791
0.500000097243878, 974848000000, 487424094798, 4003860, 404335389113086.128510
0.500000131693501, 975872000000, 487936128516, 4003873, 404760139083352.526947
0.500000152024371, 976896000000, 488448148512, 4003869, 405184877670737.511322
0.500000152525769, 977920000000, 488960149158, 4003864, 405609600206617.222260
0.500000137322462, 978944000000, 489472134431, 4003860, 406034309990052.976166
0.500000110050532, 979968000000, 489984107846, 4003873, 406459009936860.847260
0.500000086594998, 980992000000, 490496084949, 4003869, 406883712942994.374603
0.500000084808190, 982016000000, 491008083283, 4003865, 407308433560988.804291
0.500000072964478, 983040000000, 491520071727, 4003861, 407733145974880.538666
0.500000060841571, 984064000000, 492032059872, 4003873, 408157858140741.261322
0.500000067994941, 985088000000, 492544066981, 4003869, 408582586037906.687103
0.500000063822365, 986112000000, 493056062936, 4003865, 409007304682436.980072
0.500000053152757, 987136000000, 493568052469, 4003861, 409432017999692.499603
0.500000064061488, 988160000000, 494080063303, 4003873, 409856748986876.382416
0.500000078421204, 989184000000, 494592077573, 4003869, 410281482824343.062103
0.500000098419726, 990208000000, 495104097456, 4003865, 410706221317990.573822
0.500000097435313, 991232000000, 495616096581, 4003861, 411130942592147.312103
0.500000107531726, 992256000000, 496128106699, 4003873, 411555672985384.023041
0.500000133065198, 993280000000, 496640132171, 4003869, 411980416115303.523041
0.500000121483973, 994304000000, 497152120792, 4003865, 412405128676022.980072
0.500000129143358, 995328000000, 497664128540, 4003861, 412829857103261.370697
0.500000156994717, 996352000000, 498176156422, 4003873, 413254602232360.597260
0.500000147786793, 997376000000, 498688147399, 4003869, 413679316747464.882416
0.500000132700321, 998400000000, 499200132488, 4003865, 414104026378266.167572
0.500000113207207, 999424000000, 499712113142, 4003861, 414528732330079.034760
0.500000111578013, 1000448000000, 500224111628, 4003874, 414953453074162.808197
0.500000121935511, 1001472000000, 500736122115, 4003870, 415378183773497.991791
0.500000098813362, 1002496000000, 501248099060, 4003866, 415802886648564.964447
0.500000068143136, 1003520000000, 501760068383, 4003862, 416227583200914.976166
0.500000073763817, 1004544000000, 502272074099, 4003874, 416652309942537.929291
0.500000069981344, 1005568000000, 502784070371, 4003870, 417077028850030.866791
0.500000035390704, 1006592000000, 503296035624, 4003866, 417501722026172.792572
0.500000018316502, 1007616000000, 503808018456, 4003862, 417926429784713.230072
0.500000026076697, 1008640000000, 504320026302, 4003874, 418351158293246.066010
0.500000040683831, 1009664000000, 504832041077, 4003870, 418775892549627.999603
0.500000048207756, 1010688000000, 505344048723, 4003866, 419200620892253.804291
0.500000052137367, 1011712000000, 505856052748, 4003862, 419625346231132.808197
0.500000056043233, 1012736000000, 506368056757, 4003874, 420050071556739.249603
0.500000056674164, 1013760000000, 506880057454, 4003870, 420474794134925.253510
0.500000019680050, 1014784000000, 507392019971, 4003866, 420899485041458.991791
0.500000024165000, 1015808000000, 507904024547, 4003862, 421324210837411.866791
0.500000032125267, 1