
0.500010149414062, 1024000000, 512010393, 4000000, 424730443651.101102
0.499995144042969, 2048000000, 1023990055, 3992202, 849435396215.884348
0.499989906901042, 3072000000, 1535968994, 3994798, 1274139747995.850167
0.499992803466797, 4096000000, 2047970523, 3992202, 1698862836667.067467
0.499997246289062, 5120000000, 2559985901, 3993759, 2123597413565.803338
0.499998714518229, 6144000000, 3071992102, 3994798, 2548324384248.813044
0.500000056501116, 7168000000, 3584000405, 3995540, 2973053100001.428125
0.499999296997070, 8192000000, 4095994241, 3990258, 3397769814873.794214
0.500000681749132, 9216000000, 4608006283, 3989610, 3822501632257.103357
0.500002356738281, 10240000000, 5120024133, 3990646, 4247238267578.650293
0.500004923473011, 11264000000, 5632055458, 3990081, 4671986070804.000307
0.500004847167969, 12288000000, 6144059562, 3990906, 5096711287714.778627
0.500005989633413, 13312000000, 6656079734, 3989211, 5521449833590.563295
0.500007042271205, 14336000000, 7168100958, 3987760, 5946189252136.947084
0.500004942968750, 15360000000, 7680075924, 3988574, 6370890298063.013247
0.500002679931641, 16384000000, 8192043908, 3988315, 6795585552177.175356
0.500001085075827, 17408000000, 8704018889, 3988087, 7220286610546.263369
0.500002472493490, 18432000000, 9216045573, 3987884, 7645030558352.600771
0.500001515419408, 19456000000, 9728029484, 3987702, 8069739024467.363832
0.500001481542969, 20480000000, 10240030342, 3987538, 8494461548708.213686
0.500001875000000, 21504000000, 10752040320, 3988130, 8919191638306.348696
0.500002092729048, 22528000000, 11264047145, 3987962, 9343919112381.290712
0.500001295771060, 23552000000, 11776030518, 3988484, 9768627132206.336733
0.500000521240234, 24576000000, 12288012810, 3987668, 10193334255304.274721
0.499999658867188, 25600000000, 12799991267, 3987538, 10618038197136.292910
0.499999644493690, 26624000000, 13311990535, 3986822, 11042759402416.826601
0.500000328305845, 27648000000, 13824009077, 3987308, 11467496596150.903505
0.499999913539342, 28672000000, 14335997521, 3987206, 11892208822546.869814
0.499999764951509, 29696000000, 14847993020, 3987110, 12316926901310.779848
0.499999703385417, 30720000000, 15359990888, 3987021, 12741646945242.607485
0.499999023878528, 31744000000, 15871969014, 3986937, 13166350612498.610170
0.499999712371826, 32768000000, 16383990575, 3986859, 13591090310598.218203
0.499998922851563, 33792000000, 16895963601, 3987256, 14015789747226.791689
0.499998414981618, 34816000000, 17407944816, 3987630, 14440495976915.760805
0.499998761551339, 35840000000, 17919955614, 3987982, 14865226746732.423647
0.499999456651476, 36864000000, 18431979970, 3988315, 15289968763381.769838
0.499999401895059, 37888000000, 18943977339, 3988630, 15714688393375.737246
0.500000376953125, 38912000000, 19456014668, 3989337, 16139441171579.914614
0.500000096679688, 39936000000, 19968003861, 3989610, 16564154019297.438662
0.500000251000977, 40960000000, 20480010281, 3989869, 16988881157410.790712
0.500000256097561, 41984000000, 20992010752, 3990115, 17413603360621.676821
0.500000252301897, 43008000000, 21504010851, 3990350, 17838325291466.272350
0.500000084915516, 44032000000, 22016003739, 3990574, 18263041266813.977428
0.499999268465909, 45056000000, 22527967040, 3990788, 18687732698712.237926
0.499999205729167, 46080000000, 23039963400, 3990992, 19112451554205.157848
0.499999831755265, 47104000000, 23551992075, 3991526, 19537197216118.762585
0.499999755942487, 48128000000, 24063988254, 3991706, 19961915921465.863415
0.499999242390951, 49152000000, 24575962762, 3991878, 20386616649961.883923
0.499999076151945, 50176000000, 25087953645, 3992043, 20811330962092.090221
0.499999304160156, 51200000000, 25599964373, 3992514, 21236061736342.627331
0.499999062902114, 52224000000, 26111951061, 3992660, 21660772568573.877331
0.499998674053486, 53248000000, 26623929396, 3992801, 22085476471700.006481
0.499998266527860, 54272000000, 27135905921, 3992937, 22510178873367.944714
0.499998190194589, 55296000000, 27647899925, 3993355, 22934895774476.611706
0.499998026828835, 56320000000, 28159888871, 3993476, 23359608479797.693249
0.499998053065709, 57344000000, 28671888355, 3993592, 23784329926757.678600
0.499997910070587, 58368000000, 29183878015, 3993705, 24209043224366.687389
0.499997687920932, 59392000000, 29695862681, 3994082, 24633752379278.345104
0.499997347424523, 60416000000, 30207839742, 3994182, 25058455225576.996227
0.499997300748698, 61440000000, 30719834158, 3994279, 25483172468454.047009
0.499997460040984, 62464000000, 31231841344, 3994372, 25907900304491.925426
0.499997578786542, 63488000000, 31743846282, 3994714, 26332626275735.321423
0.499997626379588, 64512000000, 32255846873, 3994798, 26757348640990.454479
0.499997550903320, 65536000000, 32767839496, 3994879, 27182064396511.407848
0.499997582256611, 66560000000, 33279839075, 3994958, 27606785922277.209850
0.499997663293087, 67584000000, 33791842076, 3995270, 28031510286711.481091
0.499997447163596, 68608000000, 34303824855, 3995341, 28456217876290.759655
0.499997754595588, 69632000000, 34815843648, 3995409, 28880955340740.362926
0.499998012567935, 70656000000, 35327859576, 3995476, 29305690428572.443005
0.499998197042411, 71680000000, 35839870764, 3995763, 29730421584409.039684
0.499997937128631, 72704000000, 36351850021, 3995823, 30155126252366.357800
0.499998177368164, 73728000000, 36863865621, 3995880, 30579861068110.986706
0.499998012815711, 74752000000, 37375851454, 3995937, 31004571191089.886852
0.499997989904455, 75776000000, 37887847683, 3995992, 31429289937913.733288
0.499998307643229, 76800000000, 38399870027, 3996253, 31854030348041.809460
0.499998163664165, 77824000000, 38911857089, 3996302, 32278741490519.116589
0.499998122590300, 78848000000, 39423851970, 3996350, 32703459119129.901501
0.499998383025341, 79872000000, 39935870849, 3996397, 33128196654919.507214
0.499998451789953, 80896000000, 40447874756, 3996640, 33552921770912.408825
0.499997919677734, 81920000000, 40959829580, 3996682, 33977606170843.219372
0.499998149860147, 82944000000, 41471846542, 3996723, 34402342116414.398571
0.499997935820789, 83968000000, 41983826675, 3996763, 34827047511044.299694
0.499997745105422, 84992000000, 42495808352, 3996990, 35251754166644.863304
0.499997643310547, 86016000000, 43007797287, 3997026, 35676466737843.762230
0.499997663154871, 87040000000, 43519796601, 3997060, 36101187918782.980003
0.499997708825400, 88064000000, 44031798230, 3997095, 36525911020094.954124
0.499997721062320, 89088000000, 44543796974, 3997307, 36950631728199.411156
0.499997863070401, 90112000000, 45055807437, 3997338, 37375362157620.642113
0.499997884809515, 91136000000, 45567807230, 3997368, 37800083735906.965843
0.499997876801215, 92160000000, 46079804326, 3997397, 38224803076938.290062
0.499998136654361, 93184000000, 46591826366, 3997597, 38649543109882.372093
0.499998156366763, 94208000000, 47103826315, 3997623, 39074264817576.104027
0.499998247353831, 95232000000, 47615833092, 3997649, 39498992189332.548851
0.499998232546543, 96256000000, 48127829872, 3997674, 39923711268230.917992
0.499998216221217, 97280000000, 48639826474, 3997862, 40348430199472.116234
0.499998459981283, 98304000000, 49151848610, 3997885, 40773170312051.526390
0.499998775269813, 99328000000, 49663878350, 3997907, 41197916732412.551781
0.499998923917809, 100352000000, 50175892013, 3997928, 41622649816344.720238
0.499998716491083, 101376000000, 50687869883, 3998106, 42047353208742.518089
0.499998770976562, 102400000000, 51199874148, 3998125, 42472078496707.876976
0.499998710966507, 103424000000, 51711866683, 3998144, 42896794054231.580589
0.499998839441636, 104448000000, 52223878782, 3998162, 43321525840771.528343
0.499998837928550, 105472000000, 52735877434, 3998332, 43746246472558.795921
0.499998993004432, 106496000000, 53247892759, 3998348, 44170980935177.582542
0.499999032961310, 107520000000, 53759896024, 3998363, 44595705393608.273460
0.499998974756781, 108544000000, 54271888716, 3998379, 45020421081368.919945
0.499999188284901, 109568000000, 54783911062, 3998540, 45445161368150.610374
0.499999266999421, 110592000000, 55295918936, 3998553, 45869889649906.585960
0.499999235432196, 111616000000, 55807914662, 3998567, 46294607854475.415062
0.499999133833452, 112640000000, 56319902435, 3998580, 46719319461755.029808
0.499999139630842, 113664000000, 56831902207, 3998592, 47144041022621.125511
0.499999060660226, 114688000000, 57343892269, 3998744, 47568754528705.595238
0.499998938822248, 115712000000, 57855877209, 3998755, 47993463785913.495628
0.499999105126096, 116736000000, 58367895536, 3998766, 48418200738795.355492
0.499999263918139, 117760000000, 58879913319, 3998777, 48842937240410.355980
0.499999101074219, 118784000000, 59391893222, 3998922, 49267642319252.133812
0.499999098065238, 119808000000, 59903891941, 3998931, 49692363006618.224144
0.499999197869770, 120832000000, 60415903077, 3998940, 50117093994316.286644
0.499999219980961, 121856000000, 60927904950, 3998949, 50541817298034.719749
0.499999092976888, 122880000000, 61439888545, 3999088, 50966525439518.491722
0.499999203068505, 123904000000, 61951901257, 3999096, 51391257734563.190941
0.499999212490394, 124928000000, 62463901618, 3999103, 51815979784025.206078
0.499999347275152, 125952000000, 62975917788, 3999110, 52240714947600.787132
0.499999152690272, 126976000000, 63487892412, 3999244, 52665415647329.052757
0.499998996859375, 128000000000, 63999871598, 3999250, 53090120131394.473656
0.499999092145647, 129024000000, 64511882865, 3999256, 53514851227761.577660
0.499999124630906, 130048000000, 65023886160, 3999261, 53939575711078.308617
0.499999200775146, 131072000000, 65535895244, 3999389, 54364304996571.232445
0.499999055762476, 132096000000, 66047875270, 3999394, 54789010177445.774437
0.499998819403546, 133120000000, 66559842839, 3999399, 55213705024806.957542
0.499998560405236, 134144000000, 67071806887, 3999403, 55638396951376.574730
0.499998623794093, 135168000000, 67583813981, 3999526, 56063124586095.509300
0.499998297924988, 136192000000, 68095768191, 3999530, 56487808351703.063011
0.499998468968633, 137216000000, 68607789918, 3999533, 56912548125002.793968
0.499998550824653, 138240000000, 69119799666, 3999537, 57337277961306.737328
0.499998702765970, 139264000000, 69631819342, 3999655, 57762016033230.864281
0.499998804487911, 140288000000, 70143832284, 3999657, 58186748519068.537132
0.499998673177083, 141312000000, 70655812504, 3999660, 58611453860872.804710
0.499998398592064, 142336000000, 71167772062, 3999662, 59036142062831.762718
0.499998581724330, 143360000000, 71679796676, 3999776, 59460884230998.080101
0.499998339123449, 144384000000, 72191760196, 3999778, 59885575719573.392601
0.499998348495268, 145408000000, 72703759858, 3999779, 60310297189190.674828
0.499998173302284, 146432000000, 73215732513, 3999781, 60734996255565.179222
0.499998159640842, 147456000000, 73727728628, 3999891, 61159714782822.994164
0.499998297144397, 148480000000, 74239747160, 3999892, 61584451905759.460960
0.499998338693279, 149504000000, 74751751628, 3999892, 62009177362120.357445
0.499998198541135, 150528000000, 75263728830, 3999893, 62433880200388.997093
0.499998250818201, 151552000000, 75775734908, 3999894, 62858606992300.709007
0.499998324520239, 152576000000, 76287744362, 4000000, 63283336584721.459984
0.499998337695313, 153600000000, 76799744670, 4000000, 63708058590218.137718
0.499998381907078, 154624000000, 77311749804, 4000000, 64132784599049.123070
0.499998445004112, 155648000000, 77823757968, 4000000, 64557513121370.152367
0.499998522894965, 156672000000, 78335768579, 4000102, 64982243673562.514183
0.499998546418425, 157696000000, 78847770776, 4000101, 65406967246050.179710
0.499998529832409, 158720000000, 79359766655, 4000100, 65831685577537.813011
0.499998655235877, 159744000000, 79871785182, 4000100, 66256422696326.606468
0.499998678070263, 160768000000, 80383787476, 4000199, 66681146349279.134789
0.499998789470431, 161792000000, 80895804146, 4000197, 67105881927622.049828
0.499998708658854, 162816000000, 81407789749, 4000196, 67530591734811.435081
0.499998863873291, 163840000000, 81919813857, 4000195, 67955333483233.210472
0.499998920965159, 164864000000, 82431822106, 4000291, 68380062076064.686546
0.499998790244020, 165888000000, 82943799